# Made in Blockbench 4.8.3
mtllib JoeDevSetBackup.mtl

o LeftEar1
v 0.30037135877919696 1.9903193755686073 0.008551973106788568
v 0.3057779898452988 1.9827025416057857 -0.05324610276048958
v 0.23921449439353548 1.8138340641026054 0.02495388687506528
v 0.24462112545963732 1.8062172301397839 -0.03684418899221292
v 0.18810990108496073 2.0220699810573786 -0.06839290435403766
v 0.1827032700188589 2.0296868150202005 -0.006594828486759519
v 0.12695303669929925 1.8455846695913767 -0.051990990585760954
v 0.12154640563319741 1.8532015035541987 0.009807085281517192
vt 0.03125 0.96875
vt 0.09374999999999992 0.96875
vt 0.09374999999999992 0.8750000000000002
vt 0.03125 0.8750000000000002
vt 0 0.96875
vt 0.03125 0.96875
vt 0.03125 0.8750000000000002
vt 0 0.8750000000000002
vt 0.12499999999999992 0.96875
vt 0.18749999999999983 0.96875
vt 0.18749999999999983 0.8750000000000002
vt 0.12499999999999992 0.8750000000000002
vt 0.09374999999999992 0.96875
vt 0.12499999999999992 0.96875
vt 0.12499999999999992 0.8750000000000002
vt 0.09374999999999992 0.8750000000000002
vt 0.09374999999999992 0.96875
vt 0.03125 0.96875
vt 0.03125 1
vt 0.09374999999999992 1
vt 0.15624999999999983 1
vt 0.09374999999999992 1
vt 0.09374999999999992 0.96875
vt 0.15624999999999983 0.96875
vn 0.08650609705762918 -0.1218693434051475 -0.9887692138764507
vn 0.9413447100827055 -0.31493951561274636 0.12117441274838472
vn -0.08650609705762918 0.1218693434051475 0.9887692138764507
vn -0.9413447100827055 0.31493951561274636 -0.12117441274838472
vn 0.3261699433901954 0.941254994485345 -0.08747687343080929
vn -0.3261699433901954 -0.941254994485345 0.08747687343080929
usemtl m_5ceaf94a-cecd-6776-d768-21f8e599be16
f 4/4/1 7/3/1 5/2/1 2/1/1
f 3/8/2 4/7/2 2/6/2 1/5/2
f 8/12/3 3/11/3 1/10/3 6/9/3
f 7/16/4 8/15/4 6/14/4 5/13/4
f 6/20/5 1/19/5 2/18/5 5/17/5
f 7/24/6 4/23/6 3/22/6 8/21/6
o LeftEar4
v 0.2854340141689542 2.1133262232837526 -0.007915909306521751
v 0.29084064523505604 2.105709389320931 -0.0697139851737999
v 0.3003713587791974 1.9903193755686086 0.008551973106788457
v 0.30577798984529925 1.9827025416057866 -0.053246102760489744
v 0.22902448816820375 2.0976123099599056 -0.07412420413746612
v 0.22361785710210202 2.1052291439227275 -0.012326128270187975
v 0.24396183277844696 1.9746054622447615 -0.05765632172415591
v 0.23855520171234512 1.982222296207583 0.004141754143122234
vt 0.34375 0.96875
vt 0.3749999999999999 0.96875
vt 0.3749999999999999 0.9062499999999991
vt 0.34375 0.9062499999999991
vt 0.3125 0.96875
vt 0.34375 0.96875
vt 0.34375 0.9062499999999991
vt 0.3125 0.9062499999999991
vt 0.4062499999999999 0.96875
vt 0.43749999999999983 0.96875
vt 0.43749999999999983 0.9062499999999991
vt 0.4062499999999999 0.9062499999999991
vt 0.3749999999999999 0.96875
vt 0.4062499999999999 0.96875
vt 0.4062499999999999 0.9062499999999991
vt 0.3749999999999999 0.9062499999999991
vt 0.3749999999999999 0.96875
vt 0.34375 0.96875
vt 0.34375 1
vt 0.3749999999999999 1
vt 0.40624999999999983 1
vt 0.3749999999999999 1
vt 0.3749999999999999 0.96875
vt 0.40624999999999983 0.96875
vn 0.08650609705762922 -0.12186934340514746 -0.9887692138764507
vn 0.9890585130696394 0.12955326977640763 0.07056350341865923
vn -0.08650609705762922 0.12186934340514746 0.9887692138764507
vn -0.9890585130696394 -0.12955326977640763 -0.07056350341865923
vn -0.11949875688194346 0.9840547817211397 -0.13174305930647956
vn 0.11949875688194346 -0.9840547817211397 0.13174305930647956
usemtl m_5ceaf94a-cecd-6776-d768-21f8e599be16
f 12/28/7 15/27/7 13/26/7 10/25/7
f 11/32/8 12/31/8 10/30/8 9/29/8
f 16/36/9 11/35/9 9/34/9 14/33/9
f 15/40/10 16/39/10 14/38/10 13/37/10
f 14/44/11 9/43/11 10/42/11 13/41/11
f 15/48/12 12/47/12 11/46/12 16/45/12
o LeftEar5
v 0.2854340141689553 2.113326223283752 -0.007915909306521585
v 0.29084064523505715 2.10570938932093 -0.06971398517379973
v 0.20437423460724413 2.0182844152832553 -0.0032934781924858214
v 0.20978086567334597 2.0106675813204338 -0.06509155405976397
v 0.2435717720216326 2.145584162340749 -0.07876418416338721
v 0.23816514095553076 2.1532009963035708 -0.01696610829610906
v 0.16251199245992143 2.0505423543402523 -0.07414175304935144
v 0.1571053613938196 2.0581591883030743 -0.012343677182073298
vt 0.34375 0.875
vt 0.37499999999999994 0.875
vt 0.37499999999999994 0.8124999999999991
vt 0.34375 0.8124999999999991
vt 0.3125 0.875
vt 0.34375 0.875
vt 0.34375 0.8124999999999991
vt 0.3125 0.8124999999999991
vt 0.40624999999999994 0.875
vt 0.4374999999999999 0.875
vt 0.4374999999999999 0.8124999999999991
vt 0.40624999999999994 0.8124999999999991
vt 0.37499999999999994 0.875
vt 0.40624999999999994 0.875
vt 0.40624999999999994 0.8124999999999991
vt 0.37499999999999994 0.8124999999999991
vt 0.37499999999999994 0.875
vt 0.34375 0.875
vt 0.34375 0.90625
vt 0.37499999999999994 0.90625
vt 0.4062499999999999 0.90625
vt 0.37499999999999994 0.90625
vt 0.37499999999999994 0.875
vt 0.4062499999999999 0.875
vn 0.08650609705762916 -0.1218693434051475 -0.9887692138764508
vn 0.7563019714147935 -0.6379963683170992 0.1448031838333998
vn -0.08650609705762916 0.1218693434051475 0.9887692138764508
vn -0.7563019714147935 0.6379963683170992 -0.1448031838333998
vn 0.6484782364936799 0.7603344640039611 -0.03697944891228562
vn -0.6484782364936799 -0.7603344640039611 0.03697944891228562
usemtl m_5ceaf94a-cecd-6776-d768-21f8e599be16
f 20/52/13 23/51/13 21/50/13 18/49/13
f 19/56/14 20/55/14 18/54/14 17/53/14
f 24/60/15 19/59/15 17/58/15 22/57/15
f 23/64/16 24/63/16 22/62/16 21/61/16
f 22/68/17 17/67/17 18/66/17 21/65/17
f 23/72/18 20/71/18 19/70/18 24/69/18
o LeftEar7
v 0.27333345907733586 2.1023856082835803 -0.007626100755354026
v 0.2787400901434377 2.094768774320759 -0.06942417662263223
v 0.22195050717318732 2.0668042904978066 -0.007736001819182214
v 0.22735713823928905 2.0591874565349846 -0.06953407768646042
v 0.2435717720981987 2.1455841623937686 -0.0787641841632234
v 0.23816514103209685 2.15320099635659 -0.016966108295945248
v 0.19218882019405004 2.110002844607995 -0.07887408522705164
v 0.1867821891279482 2.1176196785708163 -0.017076009359773436
vt 0.03125 0.78125
vt 0.06249999999999995 0.78125
vt 0.06249999999999995 0.7499999999999996
vt 0.03125 0.7499999999999996
vt 0 0.78125
vt 0.03125 0.78125
vt 0.03125 0.7499999999999996
vt 0 0.7499999999999996
vt 0.09374999999999994 0.78125
vt 0.12499999999999989 0.78125
vt 0.12499999999999989 0.7499999999999996
vt 0.09374999999999994 0.7499999999999996
vt 0.06249999999999995 0.78125
vt 0.09374999999999994 0.78125
vt 0.09374999999999994 0.7499999999999996
vt 0.06249999999999995 0.7499999999999996
vt 0.06249999999999995 0.78125
vt 0.03125 0.78125
vt 0.03125 0.8125
vt 0.06249999999999995 0.8125
vt 0.0937499999999999 0.8125
vt 0.06249999999999995 0.8125
vt 0.06249999999999995 0.78125
vt 0.0937499999999999 0.78125
vn 0.08650609705762918 -0.12186934340514748 -0.9887692138764509
vn 0.5626930887238258 -0.8130462091681603 0.1494401206494598
vn -0.08650609705762918 0.12186934340514748 0.9887692138764509
vn -0.5626930887238258 0.8130462091681603 -0.1494401206494598
vn 0.8221272304663658 0.569301084572375 0.0017584170212513184
vn -0.8221272304663658 -0.569301084572375 -0.0017584170212513184
usemtl m_5ceaf94a-cecd-6776-d768-21f8e599be16
f 28/76/19 31/75/19 29/74/19 26/73/19
f 27/80/20 28/79/20 26/78/20 25/77/20
f 32/84/21 27/83/21 25/82/21 30/81/21
f 31/88/22 32/87/22 30/86/22 29/85/22
f 30/92/23 25/91/23 26/90/23 29/89/23
f 31/96/24 28/95/24 27/94/24 32/93/24
o LeftEar3
v 0.24170287443403637 2.0889755018127683 -0.008740574728741235
v 0.24710950550013822 2.0813586678499463 -0.07053865059601938
v 0.18302624864912165 1.978925603195866 -0.0003100705381824387
v 0.1884328797152235 1.971308769233044 -0.062108146405460585
v 0.19218881962369128 2.1100028434182057 -0.0788740851303058
v 0.18678218855758955 2.117619677381027 -0.01707600926302766
v 0.13351219383877666 1.9999529448013034 -0.07044358093974701
v 0.12810556277267482 2.007569778764125 -0.008645505072468862
vt 0.21875 0.875
vt 0.24999999999999994 0.875
vt 0.24999999999999994 0.8124999999999991
vt 0.21875 0.8124999999999991
vt 0.1875 0.875
vt 0.21875 0.875
vt 0.21875 0.8124999999999991
vt 0.1875 0.8124999999999991
vt 0.28124999999999994 0.875
vt 0.3124999999999999 0.875
vt 0.3124999999999999 0.8124999999999991
vt 0.28124999999999994 0.8124999999999991
vt 0.24999999999999994 0.875
vt 0.28124999999999994 0.875
vt 0.28124999999999994 0.8124999999999991
vt 0.24999999999999994 0.8124999999999991
vt 0.24999999999999994 0.875
vt 0.21875 0.875
vt 0.21875 0.90625
vt 0.24999999999999994 0.90625
vt 0.2812499999999999 0.90625
vt 0.24999999999999994 0.90625
vt 0.24999999999999994 0.875
vt 0.2812499999999999 0.875
vn 0.08650609705762917 -0.12186934340514745 -0.9887692138764508
vn 0.878730974023151 -0.45830680909214977 0.13336695254858297
vn -0.08650609705762917 0.12186934340514745 0.9887692138764508
vn -0.878730974023151 0.45830680909214977 -0.13336695254858297
vn 0.4694130062793108 0.880399188935207 -0.06744403352446927
vn -0.4694130062793108 -0.880399188935207 0.06744403352446927
usemtl m_5ceaf94a-cecd-6776-d768-21f8e599be16
f 36/100/25 39/99/25 37/98/25 34/97/25
f 35/104/26 36/103/26 34/102/26 33/101/26
f 40/108/27 35/107/27 33/106/27 38/105/27
f 39/112/28 40/111/28 38/110/28 37/109/28
f 38/116/29 33/115/29 34/114/29 37/113/29
f 39/120/30 36/119/30 35/118/30 40/117/30
o LeftEar6
v 0.2619229358609153 2.0688315324497384 -0.004488732279411101
v 0.26732956692701704 2.0612146984869164 -0.06628680814668925
v 0.24153731439902804 2.010003095294404 0.000978572310014525
v 0.24694394546512988 2.0023862613315826 -0.06081950355726368
v 0.2084955225468481 2.0808984182127133 -0.07386020894346329
v 0.20308889148074627 2.088515252175535 -0.012062133076185144
v 0.18810990108496095 2.022069981057379 -0.06839290435403772
v 0.1827032700188591 2.029686815020201 -0.006594828486759519
vt 0.03125 0.84375
vt 0.06249999999999993 0.84375
vt 0.06249999999999993 0.8125
vt 0.03125 0.8125
vt 0 0.84375
vt 0.03125 0.84375
vt 0.03125 0.8125
vt 0 0.8125
vt 0.09374999999999993 0.84375
vt 0.12499999999999986 0.84375
vt 0.12499999999999986 0.8125
vt 0.09374999999999993 0.8125
vt 0.06249999999999993 0.84375
vt 0.09374999999999993 0.84375
vt 0.09374999999999993 0.8125
vt 0.06249999999999993 0.8125
vt 0.06249999999999993 0.84375
vt 0.03125 0.84375
vt 0.03125 0.875
vt 0.06249999999999993 0.875
vt 0.09374999999999986 0.875
vt 0.06249999999999993 0.875
vt 0.06249999999999993 0.84375
vt 0.09374999999999986 0.84375
vn 0.08650609705762918 -0.1218693434051475 -0.9887692138764507
vn 0.9413447100827055 -0.31493951561274636 0.12117441274838472
vn -0.08650609705762918 0.1218693434051475 0.9887692138764507
vn -0.9413447100827055 0.31493951561274636 -0.12117441274838472
vn 0.3261699433901954 0.941254994485345 -0.08747687343080929
vn -0.3261699433901954 -0.941254994485345 0.08747687343080929
usemtl m_5ceaf94a-cecd-6776-d768-21f8e599be16
f 44/124/31 47/123/31 45/122/31 42/121/31
f 43/128/32 44/127/32 42/126/32 41/125/32
f 48/132/33 43/131/33 41/130/33 46/129/33
f 47/136/34 48/135/34 46/134/34 45/133/34
f 46/140/35 41/139/35 42/138/35 45/137/35
f 47/144/36 44/143/36 43/142/36 48/141/36
o LeftEar2
v 0.18638581287606604 1.98635285528756 -0.0009315821487863585
v 0.19179244394216788 1.9787360213247385 -0.0627296580160645
v 0.14254834976199082 1.869766818476708 0.00960278297025341
v 0.14795498082809266 1.8621499845138865 -0.052195292897024737
v 0.13351219387882662 1.999952944889845 -0.07044358094715619
v 0.12810556281272478 2.0075697788526665 -0.008645505079877991
v 0.08967473076475141 1.883366908078993 -0.059909215828116424
v 0.08426809969864957 1.890983742041815 0.0018888600391617771
vt 0.21875 0.96875
vt 0.24999999999999994 0.96875
vt 0.24999999999999994 0.906249999999999
vt 0.21875 0.906249999999999
vt 0.1875 0.96875
vt 0.21875 0.96875
vt 0.21875 0.906249999999999
vt 0.1875 0.906249999999999
vt 0.28124999999999994 0.96875
vt 0.3124999999999999 0.96875
vt 0.3124999999999999 0.906249999999999
vt 0.28124999999999994 0.906249999999999
vt 0.24999999999999994 0.96875
vt 0.28124999999999994 0.96875
vt 0.28124999999999994 0.906249999999999
vt 0.24999999999999994 0.906249999999999
vt 0.24999999999999994 0.96875
vt 0.21875 0.96875
vt 0.21875 1
vt 0.24999999999999994 1
vt 0.2812499999999999 1
vt 0.24999999999999994 1
vt 0.24999999999999994 0.96875
vt 0.2812499999999999 0.96875
vn 0.0865060970576292 -0.12186934340514752 -0.9887692138764508
vn 0.9324840010134617 -0.33947077704170614 0.123422766897467
vn -0.0865060970576292 0.12186934340514752 0.9887692138764508
vn -0.9324840010134617 0.33947077704170614 -0.123422766897467
vn 0.3506997049125965 0.9326882944868015 -0.08427492095231684
vn -0.3506997049125965 -0.9326882944868015 0.08427492095231684
usemtl m_5ceaf94a-cecd-6776-d768-21f8e599be16
f 52/148/37 55/147/37 53/146/37 50/145/37
f 51/152/38 52/151/38 50/150/38 49/149/38
f 56/156/39 51/155/39 49/154/39 54/153/39
f 55/160/40 56/159/40 54/158/40 53/157/40
f 54/164/41 49/163/41 50/162/41 53/161/41
f 55/168/42 52/167/42 51/166/42 56/165/42
o 3InnerLeftEar
v 0.18115034833726673 1.9832243502713403 -0.011678719285505845
v 0.18580005105411423 1.976673873063314 -0.06482506453136505
v 0.14038150764117652 1.8747993360372477 -0.0018817597247988704
v 0.14503121035802413 1.868248858829221 -0.055028104970658076
v 0.1356790359996407 1.9949204273293053 -0.07145903825210392
v 0.1310293332827932 2.001470904537332 -0.018312693006244718
v 0.09491019530355072 1.8864954130952127 -0.06166207869139689
v 0.0902604925867031 1.893045890303239 -0.008515733445537688
vt 0.21875 0.6875
vt 0.24999999999999994 0.6875
vt 0.24999999999999994 0.624999999999999
vt 0.21875 0.624999999999999
vt 0.1875 0.6875
vt 0.21875 0.6875
vt 0.21875 0.624999999999999
vt 0.1875 0.624999999999999
vt 0.28124999999999994 0.6875
vt 0.3124999999999999 0.6875
vt 0.3124999999999999 0.624999999999999
vt 0.28124999999999994 0.624999999999999
vt 0.24999999999999994 0.6875
vt 0.28124999999999994 0.6875
vt 0.28124999999999994 0.624999999999999
vt 0.24999999999999994 0.624999999999999
vt 0.24999999999999994 0.6875
vt 0.21875 0.6875
vt 0.21875 0.71875
vt 0.24999999999999994 0.71875
vt 0.2812499999999999 0.71875
vt 0.24999999999999994 0.71875
vt 0.24999999999999994 0.6875
vt 0.2812499999999999 0.6875
vn 0.0865060970576292 -0.12186934340514752 -0.9887692138764508
vn 0.9324840010134617 -0.33947077704170614 0.123422766897467
vn -0.0865060970576292 0.12186934340514752 0.9887692138764508
vn -0.9324840010134617 0.33947077704170614 -0.123422766897467
vn 0.3506997049125965 0.9326882944868015 -0.08427492095231684
vn -0.3506997049125965 -0.9326882944868015 0.08427492095231684
usemtl m_5ceaf94a-cecd-6776-d768-21f8e599be16
f 60/172/43 63/171/43 61/170/43 58/169/43
f 59/176/44 60/175/44 58/174/44 57/173/44
f 64/180/45 59/179/45 57/178/45 62/177/45
f 63/184/46 64/183/46 62/182/46 61/181/46
f 62/188/47 57/187/47 58/186/47 61/185/47
f 63/192/48 60/191/48 59/190/48 64/189/48
o 6InnerLeftEar
v 0.2547174612804096 2.05967538013674 -0.01466529386569243
v 0.25936716399725723 2.053124902928713 -0.06781163911155164
v 0.23718582682318656 2.0090829241831525 -0.009963411918786413
v 0.24183552954003418 2.002532446975126 -0.06310975716464562
v 0.20876988583031197 2.070052901892898 -0.07432476379677733
v 0.20412018311346436 2.076603379100925 -0.021178418550918066
v 0.19123825137308903 2.019460445939311 -0.06962288184987131
v 0.18658854865624142 2.0260109231473376 -0.016476536604012104
vt 0.34375 0.65625
vt 0.3749999999999999 0.65625
vt 0.3749999999999999 0.625
vt 0.34375 0.625
vt 0.3125 0.65625
vt 0.34375 0.65625
vt 0.34375 0.625
vt 0.3125 0.625
vt 0.4062499999999999 0.65625
vt 0.4374999999999998 0.65625
vt 0.4374999999999998 0.625
vt 0.4062499999999999 0.625
vt 0.3749999999999999 0.65625
vt 0.4062499999999999 0.65625
vt 0.4062499999999999 0.625
vt 0.3749999999999999 0.625
vt 0.3749999999999999 0.65625
vt 0.34375 0.65625
vt 0.34375 0.6875
vt 0.3749999999999999 0.6875
vt 0.4062499999999998 0.6875
vt 0.3749999999999999 0.6875
vt 0.3749999999999999 0.65625
vt 0.4062499999999998 0.65625
vn 0.08650609705762918 -0.1218693434051475 -0.9887692138764507
vn 0.9413447100827055 -0.31493951561274636 0.12117441274838472
vn -0.08650609705762918 0.1218693434051475 0.9887692138764507
vn -0.9413447100827055 0.31493951561274636 -0.12117441274838472
vn 0.3261699433901954 0.941254994485345 -0.08747687343080929
vn -0.3261699433901954 -0.941254994485345 0.08747687343080929
usemtl m_5ceaf94a-cecd-6776-d768-21f8e599be16
f 68/196/49 71/195/49 69/194/49 66/193/49
f 67/200/50 68/199/50 66/198/50 65/197/50
f 72/204/51 67/203/51 65/202/51 70/201/51
f 71/208/52 72/207/52 70/206/52 69/205/52
f 70/212/53 65/211/53 66/210/53 69/209/53
f 71/216/54 68/215/54 67/214/54 72/213/54
o 7InnerLeftEar
v 0.23985909369696157 2.088352027029725 -0.01949973192172838
v 0.24450879641380907 2.0818015498216984 -0.07264607716758764
v 0.15595151882453395 1.9309806720075553 -0.007444110929229364
v 0.16060122154138146 1.9244301947995286 -0.060590456175088625
v 0.19727700656006486 2.1064355408104016 -0.0798145508670739
v 0.19262730384321725 2.112986018018428 -0.02666820562121469
v 0.11336943168763725 1.9490641857882318 -0.06775892987457494
v 0.10871972897078963 1.9556146629962585 -0.01461258462871573
vt 0.03125 0.59375
vt 0.062499999999999944 0.59375
vt 0.062499999999999944 0.4999999999999991
vt 0.03125 0.4999999999999991
vt 0 0.59375
vt 0.03125 0.59375
vt 0.03125 0.4999999999999991
vt 0 0.4999999999999991
vt 0.09374999999999994 0.59375
vt 0.12499999999999989 0.59375
vt 0.12499999999999989 0.4999999999999991
vt 0.09374999999999994 0.4999999999999991
vt 0.062499999999999944 0.59375
vt 0.09374999999999994 0.59375
vt 0.09374999999999994 0.4999999999999991
vt 0.062499999999999944 0.4999999999999991
vt 0.062499999999999944 0.59375
vt 0.03125 0.59375
vt 0.03125 0.625
vt 0.062499999999999944 0.625
vt 0.09374999999999989 0.625
vt 0.062499999999999944 0.625
vt 0.062499999999999944 0.59375
vt 0.09374999999999989 0.59375
vn 0.08650609705762917 -0.12186934340514745 -0.9887692138764508
vn 0.878730974023151 -0.45830680909214977 0.13336695254858297
vn -0.08650609705762917 0.12186934340514745 0.9887692138764508
vn -0.878730974023151 0.45830680909214977 -0.13336695254858297
vn 0.4694130062793108 0.880399188935207 -0.06744403352446927
vn -0.4694130062793108 -0.880399188935207 0.06744403352446927
usemtl m_5ceaf94a-cecd-6776-d768-21f8e599be16
f 76/220/55 79/219/55 77/218/55 74/217/55
f 75/224/56 76/223/56 74/222/56 73/221/56
f 80/228/57 75/227/57 73/226/57 78/225/57
f 79/232/58 80/231/58 78/230/58 77/229/58
f 78/236/59 73/235/59 74/234/59 77/233/59
f 79/240/60 76/239/60 75/238/60 80/237/60
o 5InnerLeftEar
v 0.26706139756109115 2.099884720839541 -0.01854128448761866
v 0.27171110027793877 2.0933342436315145 -0.07168762973347786
v 0.22287205892352335 2.069284787543775 -0.018635799402510922
v 0.22752176164037086 2.0627343103357485 -0.07178214464837013
v 0.2414663467590331 2.1370354773743028 -0.0797200362183863
v 0.2368166440421856 2.1435859545823295 -0.026573690972527098
v 0.1972770081214653 2.106435544078537 -0.07981455113327857
v 0.1926273054046177 2.112986021286564 -0.02666820588741936
vt 0.34375 0.71875
vt 0.37499999999999994 0.71875
vt 0.37499999999999994 0.6874999999999996
vt 0.34375 0.6874999999999996
vt 0.3125 0.71875
vt 0.34375 0.71875
vt 0.34375 0.6874999999999996
vt 0.3125 0.6874999999999996
vt 0.40624999999999994 0.71875
vt 0.4374999999999999 0.71875
vt 0.4374999999999999 0.6874999999999996
vt 0.40624999999999994 0.6874999999999996
vt 0.37499999999999994 0.71875
vt 0.40624999999999994 0.71875
vt 0.40624999999999994 0.6874999999999996
vt 0.37499999999999994 0.6874999999999996
vt 0.37499999999999994 0.71875
vt 0.34375 0.71875
vt 0.34375 0.75
vt 0.37499999999999994 0.75
vt 0.4062499999999999 0.75
vt 0.37499999999999994 0.75
vt 0.37499999999999994 0.71875
vt 0.4062499999999999 0.71875
vn 0.08650609705762918 -0.12186934340514748 -0.9887692138764509
vn 0.5626930887238258 -0.8130462091681603 0.1494401206494598
vn -0.08650609705762918 0.12186934340514748 0.9887692138764509
vn -0.5626930887238258 0.8130462091681603 -0.1494401206494598
vn 0.8221272304663658 0.569301084572375 0.0017584170212513184
vn -0.8221272304663658 -0.569301084572375 -0.0017584170212513184
usemtl m_5ceaf94a-cecd-6776-d768-21f8e599be16
f 84/244/61 87/243/61 85/242/61 82/241/61
f 83/248/62 84/247/62 82/246/62 81/245/62
f 88/252/63 83/251/63 81/250/63 86/249/63
f 87/256/64 88/255/64 86/254/64 85/253/64
f 86/260/65 81/259/65 82/258/65 85/257/65
f 87/264/66 84/263/66 83/262/66 88/261/66
o 4InnerLeftEar
v 0.2774678784133229 2.109293655927375 -0.018790520300390745
v 0.2821175811301704 2.1027431787193485 -0.07193686554624995
v 0.2426121732017864 2.068425678487161 -0.016802874921355293
v 0.24726187591863402 2.0618752012791344 -0.0699492201672145
v 0.24146635016662543 2.1370354835163927 -0.07972003667729516
v 0.23681664744977782 2.1435859607244194 -0.026573691431435953
v 0.20661064495508896 2.0961675060761786 -0.07773239129825976
v 0.20196094223824135 2.102717983284205 -0.024586046052400556
vt 0.34375 0.78125
vt 0.37499999999999994 0.78125
vt 0.37499999999999994 0.7499999999999991
vt 0.34375 0.7499999999999991
vt 0.3125 0.78125
vt 0.34375 0.78125
vt 0.34375 0.7499999999999991
vt 0.3125 0.7499999999999991
vt 0.40624999999999994 0.78125
vt 0.4374999999999999 0.78125
vt 0.4374999999999999 0.7499999999999991
vt 0.40624999999999994 0.7499999999999991
vt 0.37499999999999994 0.78125
vt 0.40624999999999994 0.78125
vt 0.40624999999999994 0.7499999999999991
vt 0.37499999999999994 0.7499999999999991
vt 0.37499999999999994 0.78125
vt 0.34375 0.78125
vt 0.34375 0.8125
vt 0.37499999999999994 0.8125
vt 0.4062499999999999 0.8125
vt 0.37499999999999994 0.8125
vt 0.37499999999999994 0.78125
vt 0.4062499999999999 0.78125
vn 0.08650609705762916 -0.1218693434051475 -0.9887692138764508
vn 0.7563019714147935 -0.6379963683170992 0.1448031838333998
vn -0.08650609705762916 0.1218693434051475 0.9887692138764508
vn -0.7563019714147935 0.6379963683170992 -0.1448031838333998
vn 0.6484782364936799 0.7603344640039611 -0.03697944891228562
vn -0.6484782364936799 -0.7603344640039611 0.03697944891228562
usemtl m_5ceaf94a-cecd-6776-d768-21f8e599be16
f 92/268/67 95/267/67 93/266/67 90/265/67
f 91/272/68 92/271/68 90/270/68 89/269/68
f 96/276/69 91/275/69 89/274/69 94/273/69
f 95/280/70 96/279/70 94/278/70 93/277/70
f 94/284/71 89/283/71 90/282/71 93/281/71
f 95/288/72 92/287/72 91/286/72 96/285/72
o 2InnerLeftEar
v 0.2774678771745346 2.1092936524867567 -0.018790519984702048
v 0.2821175798913822 2.10274317527873 -0.07193686523056131
v 0.2913596076620608 1.9948972841116723 -0.003475389340323598
v 0.2960093103789083 1.988346806903646 -0.056621734586182804
v 0.22895568481388917 2.095779687028248 -0.07572965353931421
v 0.22430598209704167 2.1023301642362746 -0.022583308293455007
v 0.2428474153014153 1.981383318653164 -0.06041452289493571
v 0.2381977125845678 1.9879337958611902 -0.0072681776490765015
vt 0.21875 0.78125
vt 0.2499999999999999 0.78125
vt 0.2499999999999999 0.7187499999999992
vt 0.21875 0.7187499999999992
vt 0.1875 0.78125
vt 0.21875 0.78125
vt 0.21875 0.7187499999999992
vt 0.1875 0.7187499999999992
vt 0.2812499999999999 0.78125
vt 0.3124999999999998 0.78125
vt 0.3124999999999998 0.7187499999999992
vt 0.2812499999999999 0.7187499999999992
vt 0.2499999999999999 0.78125
vt 0.2812499999999999 0.78125
vt 0.2812499999999999 0.7187499999999992
vt 0.2499999999999999 0.7187499999999992
vt 0.2499999999999999 0.78125
vt 0.21875 0.78125
vt 0.21875 0.8125
vt 0.2499999999999999 0.8125
vt 0.2812499999999998 0.8125
vt 0.2499999999999999 0.8125
vt 0.2499999999999999 0.78125
vt 0.2812499999999998 0.78125
vn 0.08650609705762922 -0.12186934340514746 -0.9887692138764507
vn 0.9890585130696394 0.12955326977640763 0.07056350341865923
vn -0.08650609705762922 0.12186934340514746 0.9887692138764507
vn -0.9890585130696394 -0.12955326977640763 -0.07056350341865923
vn -0.11949875688194346 0.9840547817211397 -0.13174305930647956
vn 0.11949875688194346 -0.9840547817211397 0.13174305930647956
usemtl m_5ceaf94a-cecd-6776-d768-21f8e599be16
f 100/292/73 103/291/73 101/290/73 98/289/73
f 99/296/74 100/295/74 98/294/74 97/293/74
f 104/300/75 99/299/75 97/298/75 102/297/75
f 103/304/76 104/303/76 102/302/76 101/301/76
f 102/308/77 97/307/77 98/306/77 101/305/77
f 103/312/78 100/311/78 99/310/78 104/309/78
o 1InnerLeftEar
v 0.29135960405305195 1.994897282659255 -0.0034753894770552796
v 0.29600930676989956 1.9883468054512283 -0.056621734722914485
v 0.23305672667205468 1.8266479523950006 0.012161101648701877
v 0.2377064293889023 1.8200974751869738 -0.040985243597157384
v 0.18657798422278515 2.0249585241412102 -0.07070826020491422
v 0.18192828150593765 2.031509001349237 -0.017561914959055014
v 0.1282751068417879 1.8567091938769553 -0.05507176907915712
v 0.12362540412494039 1.863259671084982 -0.0019254238332978568
vt 0.03125 0.71875
vt 0.09374999999999993 0.71875
vt 0.09374999999999993 0.6250000000000002
vt 0.03125 0.6250000000000002
vt 0 0.71875
vt 0.03125 0.71875
vt 0.03125 0.6250000000000002
vt 0 0.6250000000000002
vt 0.12499999999999993 0.71875
vt 0.18749999999999986 0.71875
vt 0.18749999999999986 0.6250000000000002
vt 0.12499999999999993 0.6250000000000002
vt 0.09374999999999993 0.71875
vt 0.12499999999999993 0.71875
vt 0.12499999999999993 0.6250000000000002
vt 0.09374999999999993 0.6250000000000002
vt 0.09374999999999993 0.71875
vt 0.03125 0.71875
vt 0.03125 0.75
vt 0.09374999999999993 0.75
vt 0.15624999999999986 0.75
vt 0.09374999999999993 0.75
vt 0.09374999999999993 0.71875
vt 0.15624999999999986 0.71875
vn 0.08650609705762918 -0.1218693434051475 -0.9887692138764507
vn 0.9413447100827055 -0.31493951561274636 0.12117441274838472
vn -0.08650609705762918 0.1218693434051475 0.9887692138764507
vn -0.9413447100827055 0.31493951561274636 -0.12117441274838472
vn 0.3261699433901954 0.941254994485345 -0.08747687343080929
vn -0.3261699433901954 -0.941254994485345 0.08747687343080929
usemtl m_5ceaf94a-cecd-6776-d768-21f8e599be16
f 108/316/79 111/315/79 109/314/79 106/313/79
f 107/320/80 108/319/80 106/318/80 105/317/80
f 112/324/81 107/323/81 105/322/81 110/321/81
f 111/328/82 112/327/82 110/326/82 109/325/82
f 110/332/83 105/331/83 106/330/83 109/329/83
f 111/336/84 108/335/84 107/334/84 112/333/84
o RightEar1
v -0.18270327001885894 2.0296868150202005 -0.006594828486759519
v -0.18810990108496078 2.0220699810573786 -0.06839290435403766
v -0.12154640563319746 1.8532015035541987 0.009807085281517192
v -0.12695303669929925 1.8455846695913767 -0.051990990585760954
v -0.3057779898452988 1.9827025416057857 -0.05324610276048958
v -0.30037135877919696 1.9903193755686073 0.008551973106788568
v -0.24462112545963732 1.8062172301397839 -0.03684418899221292
v -0.23921449439353548 1.8138340641026054 0.02495388687506528
vt 0.84375 0.96875
vt 0.9062499999999999 0.96875
vt 0.9062499999999999 0.8750000000000002
vt 0.84375 0.8750000000000002
vt 0.8125 0.96875
vt 0.84375 0.96875
vt 0.84375 0.8750000000000002
vt 0.8125 0.8750000000000002
vt 0.9374999999999999 0.96875
vt 0.9999999999999998 0.96875
vt 0.9999999999999998 0.8750000000000002
vt 0.9374999999999999 0.8750000000000002
vt 0.9062499999999999 0.96875
vt 0.9374999999999999 0.96875
vt 0.9374999999999999 0.8750000000000002
vt 0.9062499999999999 0.8750000000000002
vt 0.9062499999999999 0.96875
vt 0.84375 0.96875
vt 0.84375 1
vt 0.9062499999999999 1
vt 0.9687499999999998 1
vt 0.9062499999999999 1
vt 0.9062499999999999 0.96875
vt 0.9687499999999998 0.96875
vn -0.08650609705762918 -0.1218693434051475 -0.9887692138764507
vn 0.9413447100827055 0.31493951561274636 -0.12117441274838472
vn 0.08650609705762918 0.1218693434051475 0.9887692138764507
vn -0.9413447100827055 -0.31493951561274636 0.12117441274838472
vn -0.3261699433901954 0.941254994485345 -0.08747687343080929
vn 0.3261699433901954 -0.941254994485345 0.08747687343080929
usemtl m_5ceaf94a-cecd-6776-d768-21f8e599be16
f 116/340/85 119/339/85 117/338/85 114/337/85
f 115/344/86 116/343/86 114/342/86 113/341/86
f 120/348/87 115/347/87 113/346/87 118/345/87
f 119/352/88 120/351/88 118/350/88 117/349/88
f 118/356/89 113/355/89 114/354/89 117/353/89
f 119/360/90 116/359/90 115/358/90 120/357/90
o RightEar2
v -0.22361785710210202 2.1052291439227275 -0.012326128270187975
v -0.2290244881682038 2.0976123099599056 -0.07412420413746612
v -0.23855520171234512 1.982222296207583 0.004141754143122234
v -0.24396183277844696 1.9746054622447615 -0.05765632172415591
v -0.2908406452350561 2.105709389320931 -0.0697139851737999
v -0.28543401416895425 2.1133262232837526 -0.007915909306521751
v -0.30577798984529925 1.9827025416057866 -0.053246102760489744
v -0.3003713587791974 1.9903193755686086 0.008551973106788457
vt 0.71875 0.96875
vt 0.7499999999999999 0.96875
vt 0.7499999999999999 0.9062499999999991
vt 0.71875 0.9062499999999991
vt 0.6875 0.96875
vt 0.71875 0.96875
vt 0.71875 0.9062499999999991
vt 0.6875 0.9062499999999991
vt 0.7812499999999999 0.96875
vt 0.8124999999999998 0.96875
vt 0.8124999999999998 0.9062499999999991
vt 0.7812499999999999 0.9062499999999991
vt 0.7499999999999999 0.96875
vt 0.7812499999999999 0.96875
vt 0.7812499999999999 0.9062499999999991
vt 0.7499999999999999 0.9062499999999991
vt 0.7499999999999999 0.96875
vt 0.71875 0.96875
vt 0.71875 1
vt 0.7499999999999999 1
vt 0.7812499999999998 1
vt 0.7499999999999999 1
vt 0.7499999999999999 0.96875
vt 0.7812499999999998 0.96875
vn -0.08650609705762922 -0.12186934340514746 -0.9887692138764507
vn 0.9890585130696394 -0.12955326977640763 -0.07056350341865923
vn 0.08650609705762922 0.12186934340514746 0.9887692138764507
vn -0.9890585130696394 0.12955326977640763 0.07056350341865923
vn 0.11949875688194346 0.9840547817211397 -0.13174305930647956
vn -0.11949875688194346 -0.9840547817211397 0.13174305930647956
usemtl m_5ceaf94a-cecd-6776-d768-21f8e599be16
f 124/364/91 127/363/91 125/362/91 122/361/91
f 123/368/92 124/367/92 122/366/92 121/365/92
f 128/372/93 123/371/93 121/370/93 126/369/93
f 127/376/94 128/375/94 126/374/94 125/373/94
f 126/380/95 121/379/95 122/378/95 125/377/95
f 127/384/96 124/383/96 123/382/96 128/381/96
o RightEar3
v -0.23816514095553076 2.1532009963035708 -0.01696610829610906
v -0.2435717720216326 2.145584162340749 -0.07876418416338721
v -0.1571053613938196 2.0581591883030743 -0.012343677182073298
v -0.16251199245992143 2.0505423543402523 -0.07414175304935144
v -0.2908406452350571 2.10570938932093 -0.06971398517379973
v -0.28543401416895525 2.113326223283752 -0.007915909306521585
v -0.20978086567334597 2.0106675813204338 -0.06509155405976397
v -0.20437423460724413 2.0182844152832553 -0.0032934781924858214
vt 0.71875 0.875
vt 0.75 0.875
vt 0.75 0.8124999999999991
vt 0.71875 0.8124999999999991
vt 0.6875 0.875
vt 0.71875 0.875
vt 0.71875 0.8124999999999991
vt 0.6875 0.8124999999999991
vt 0.78125 0.875
vt 0.8124999999999999 0.875
vt 0.8124999999999999 0.8124999999999991
vt 0.78125 0.8124999999999991
vt 0.75 0.875
vt 0.78125 0.875
vt 0.78125 0.8124999999999991
vt 0.75 0.8124999999999991
vt 0.75 0.875
vt 0.71875 0.875
vt 0.71875 0.90625
vt 0.75 0.90625
vt 0.7812499999999999 0.90625
vt 0.75 0.90625
vt 0.75 0.875
vt 0.7812499999999999 0.875
vn -0.08650609705762916 -0.1218693434051475 -0.9887692138764508
vn 0.7563019714147935 0.6379963683170992 -0.1448031838333998
vn 0.08650609705762916 0.1218693434051475 0.9887692138764508
vn -0.7563019714147935 -0.6379963683170992 0.1448031838333998
vn -0.6484782364936799 0.7603344640039611 -0.03697944891228562
vn 0.6484782364936799 -0.7603344640039611 0.03697944891228562
usemtl m_5ceaf94a-cecd-6776-d768-21f8e599be16
f 132/388/97 135/387/97 133/386/97 130/385/97
f 131/392/98 132/391/98 130/390/98 129/389/98
f 136/396/99 131/395/99 129/394/99 134/393/99
f 135/400/100 136/399/100 134/398/100 133/397/100
f 134/404/101 129/403/101 130/402/101 133/401/101
f 135/408/102 132/407/102 131/406/102 136/405/102
o RightEar6
v -0.2381651410320968 2.15320099635659 -0.016966108295945248
v -0.24357177209819864 2.1455841623937686 -0.0787641841632234
v -0.1867821891279482 2.1176196785708163 -0.017076009359773436
v -0.19218882019405004 2.110002844607995 -0.07887408522705164
v -0.2787400901434377 2.094768774320759 -0.06942417662263223
v -0.27333345907733586 2.1023856082835803 -0.007626100755354026
v -0.22735713823928905 2.0591874565349846 -0.06953407768646042
v -0.22195050717318726 2.0668042904978066 -0.007736001819182214
vt 0.90625 0.84375
vt 0.9375 0.84375
vt 0.9375 0.8124999999999996
vt 0.90625 0.8124999999999996
vt 0.875 0.84375
vt 0.90625 0.84375
vt 0.90625 0.8124999999999996
vt 0.875 0.8124999999999996
vt 0.96875 0.84375
vt 0.9999999999999999 0.84375
vt 0.9999999999999999 0.8124999999999996
vt 0.96875 0.8124999999999996
vt 0.9375 0.84375
vt 0.96875 0.84375
vt 0.96875 0.8124999999999996
vt 0.9375 0.8124999999999996
vt 0.9375 0.84375
vt 0.90625 0.84375
vt 0.90625 0.875
vt 0.9375 0.875
vt 0.9687499999999999 0.875
vt 0.9375 0.875
vt 0.9375 0.84375
vt 0.9687499999999999 0.84375
vn -0.08650609705762918 -0.12186934340514748 -0.9887692138764509
vn 0.5626930887238258 0.8130462091681603 -0.1494401206494598
vn 0.08650609705762918 0.12186934340514748 0.9887692138764509
vn -0.5626930887238258 -0.8130462091681603 0.1494401206494598
vn -0.8221272304663658 0.569301084572375 0.0017584170212513184
vn 0.8221272304663658 -0.569301084572375 -0.0017584170212513184
usemtl m_5ceaf94a-cecd-6776-d768-21f8e599be16
f 140/412/103 143/411/103 141/410/103 138/409/103
f 139/416/104 140/415/104 138/414/104 137/413/104
f 144/420/105 139/419/105 137/418/105 142/417/105
f 143/424/106 144/423/106 142/422/106 141/421/106
f 142/428/107 137/427/107 138/426/107 141/425/107
f 143/432/108 140/431/108 139/430/108 144/429/108
o RightEar5
v -0.1867821885575895 2.117619677381027 -0.01707600926302766
v -0.19218881962369128 2.1100028434182057 -0.0788740851303058
v -0.12810556277267482 2.007569778764125 -0.008645505072468862
v -0.1335121938387766 1.9999529448013034 -0.07044358093974701
v -0.24710950550013816 2.0813586678499463 -0.07053865059601938
v -0.24170287443403632 2.0889755018127683 -0.008740574728741235
v -0.1884328797152235 1.971308769233044 -0.062108146405460585
v -0.18302624864912165 1.978925603195866 -0.0003100705381824387
vt 0.59375 0.875
vt 0.625 0.875
vt 0.625 0.8124999999999991
vt 0.59375 0.8124999999999991
vt 0.5625 0.875
vt 0.59375 0.875
vt 0.59375 0.8124999999999991
vt 0.5625 0.8124999999999991
vt 0.65625 0.875
vt 0.6874999999999999 0.875
vt 0.6874999999999999 0.8124999999999991
vt 0.65625 0.8124999999999991
vt 0.625 0.875
vt 0.65625 0.875
vt 0.65625 0.8124999999999991
vt 0.625 0.8124999999999991
vt 0.625 0.875
vt 0.59375 0.875
vt 0.59375 0.90625
vt 0.625 0.90625
vt 0.6562499999999999 0.90625
vt 0.625 0.90625
vt 0.625 0.875
vt 0.6562499999999999 0.875
vn -0.08650609705762917 -0.12186934340514745 -0.9887692138764508
vn 0.878730974023151 0.45830680909214977 -0.13336695254858297
vn 0.08650609705762917 0.12186934340514745 0.9887692138764508
vn -0.878730974023151 -0.45830680909214977 0.13336695254858297
vn -0.4694130062793108 0.880399188935207 -0.06744403352446927
vn 0.4694130062793108 -0.880399188935207 0.06744403352446927
usemtl m_5ceaf94a-cecd-6776-d768-21f8e599be16
f 148/436/109 151/435/109 149/434/109 146/433/109
f 147/440/110 148/439/110 146/438/110 145/437/110
f 152/444/111 147/443/111 145/442/111 150/441/111
f 151/448/112 152/447/112 150/446/112 149/445/112
f 150/452/113 145/451/113 146/450/113 149/449/113
f 151/456/114 148/455/114 147/454/114 152/453/114
o RightEar7
v -0.20308889148074627 2.088515252175535 -0.012062133076185144
v -0.2084955225468481 2.0808984182127133 -0.07386020894346329
v -0.1827032700188591 2.029686815020201 -0.006594828486759519
v -0.18810990108496095 2.022069981057379 -0.06839290435403772
v -0.2673295669270171 2.0612146984869164 -0.06628680814668925
v -0.2619229358609153 2.0688315324497384 -0.004488732279411101
v -0.24694394546512988 2.0023862613315826 -0.06081950355726368
v -0.2415373143990281 2.010003095294404 0.000978572310014525
vt 0.90625 0.78125
vt 0.9374999999999999 0.78125
vt 0.9374999999999999 0.75
vt 0.90625 0.75
vt 0.875 0.78125
vt 0.90625 0.78125
vt 0.90625 0.75
vt 0.875 0.75
vt 0.9687499999999999 0.78125
vt 0.9999999999999999 0.78125
vt 0.9999999999999999 0.75
vt 0.9687499999999999 0.75
vt 0.9374999999999999 0.78125
vt 0.9687499999999999 0.78125
vt 0.9687499999999999 0.75
vt 0.9374999999999999 0.75
vt 0.9374999999999999 0.78125
vt 0.90625 0.78125
vt 0.90625 0.8125
vt 0.9374999999999999 0.8125
vt 0.9687499999999999 0.8125
vt 0.9374999999999999 0.8125
vt 0.9374999999999999 0.78125
vt 0.9687499999999999 0.78125
vn -0.08650609705762918 -0.1218693434051475 -0.9887692138764507
vn 0.9413447100827055 0.31493951561274636 -0.12117441274838472
vn 0.08650609705762918 0.1218693434051475 0.9887692138764507
vn -0.9413447100827055 -0.31493951561274636 0.12117441274838472
vn -0.3261699433901954 0.941254994485345 -0.08747687343080929
vn 0.3261699433901954 -0.941254994485345 0.08747687343080929
usemtl m_5ceaf94a-cecd-6776-d768-21f8e599be16
f 156/460/115 159/459/115 157/458/115 154/457/115
f 155/464/116 156/463/116 154/462/116 153/461/116
f 160/468/117 155/467/117 153/466/117 158/465/117
f 159/472/118 160/471/118 158/470/118 157/469/118
f 158/476/119 153/475/119 154/474/119 157/473/119
f 159/480/120 156/479/120 155/478/120 160/477/120
o RightEar4
v -0.12810556281272478 2.0075697788526665 -0.008645505079877991
v -0.13351219387882662 1.999952944889845 -0.07044358094715619
v -0.08426809969864962 1.890983742041815 0.0018888600391617771
v -0.08967473076475141 1.883366908078993 -0.059909215828116424
v -0.19179244394216788 1.9787360213247385 -0.0627296580160645
v -0.18638581287606604 1.98635285528756 -0.0009315821487863585
v -0.14795498082809266 1.8621499845138865 -0.052195292897024737
v -0.14254834976199088 1.869766818476708 0.00960278297025341
vt 0.59375 0.96875
vt 0.625 0.96875
vt 0.625 0.906249999999999
vt 0.59375 0.906249999999999
vt 0.5625 0.96875
vt 0.59375 0.96875
vt 0.59375 0.906249999999999
vt 0.5625 0.906249999999999
vt 0.65625 0.96875
vt 0.6874999999999999 0.96875
vt 0.6874999999999999 0.906249999999999
vt 0.65625 0.906249999999999
vt 0.625 0.96875
vt 0.65625 0.96875
vt 0.65625 0.906249999999999
vt 0.625 0.906249999999999
vt 0.625 0.96875
vt 0.59375 0.96875
vt 0.59375 1
vt 0.625 1
vt 0.6562499999999999 1
vt 0.625 1
vt 0.625 0.96875
vt 0.6562499999999999 0.96875
vn -0.0865060970576292 -0.12186934340514752 -0.9887692138764508
vn 0.9324840010134617 0.33947077704170614 -0.123422766897467
vn 0.0865060970576292 0.12186934340514752 0.9887692138764508
vn -0.9324840010134617 -0.33947077704170614 0.123422766897467
vn -0.3506997049125965 0.9326882944868015 -0.08427492095231684
vn 0.3506997049125965 -0.9326882944868015 0.08427492095231684
usemtl m_5ceaf94a-cecd-6776-d768-21f8e599be16
f 164/484/121 167/483/121 165/482/121 162/481/121
f 163/488/122 164/487/122 162/486/122 161/485/122
f 168/492/123 163/491/123 161/490/123 166/489/123
f 167/496/124 168/495/124 166/494/124 165/493/124
f 166/500/125 161/499/125 162/498/125 165/497/125
f 167/504/126 164/503/126 163/502/126 168/501/126
o 2InnerRightEar
v -0.1310293332827932 2.001470904537332 -0.018312693006244718
v -0.13567903599964076 1.9949204273293053 -0.07145903825210392
v -0.0902604925867031 1.893045890303239 -0.008515733445537688
v -0.09491019530355066 1.8864954130952127 -0.06166207869139689
v -0.18580005105411423 1.976673873063314 -0.06482506453136505
v -0.18115034833726673 1.9832243502713403 -0.011678719285505845
v -0.14503121035802413 1.868248858829221 -0.055028104970658076
v -0.14038150764117657 1.8747993360372477 -0.0018817597247988704
vt 0.71875 0.78125
vt 0.75 0.78125
vt 0.75 0.718749999999999
vt 0.71875 0.718749999999999
vt 0.6875 0.78125
vt 0.71875 0.78125
vt 0.71875 0.718749999999999
vt 0.6875 0.718749999999999
vt 0.78125 0.78125
vt 0.8124999999999999 0.78125
vt 0.8124999999999999 0.718749999999999
vt 0.78125 0.718749999999999
vt 0.75 0.78125
vt 0.78125 0.78125
vt 0.78125 0.718749999999999
vt 0.75 0.718749999999999
vt 0.75 0.78125
vt 0.71875 0.78125
vt 0.71875 0.8125
vt 0.75 0.8125
vt 0.7812499999999999 0.8125
vt 0.75 0.8125
